//-------------------------------------------------------------------------------------------------------
// This file was contributed and created by Lancelot
// Modified and Fixed by Bigman 30/06/2013
// Additional content contributed by Wishdream 11/07/2015
//-------------------------------------------------------------------------------------------------------
// Group   Item Group found in ItemListSettings.ini file
// Index   Item Index found in ItemListSettings.ini file
// Level   [1 - Can change Level, 0 - cant]
// Option   [1 - Can change Option, 0 - cant]
// Dur   [1 - Can modify Durability, 0 - cant]
// Skill  [1 - Can have Skill, 0 - cant]
// Luck  [1 - Can have Luck, 0 - cant]
// Exc  [1 - Can be Excellent, 0 - cant]
// AncT1   Tier 1 Ancient Index [-1 - not Ancient, Other - Ancient Index from AncientItemOption.ini]
// AncT2   Tier 2 Ancient Index [-1 - not Ancient, Other - Ancient Index from AncientItemOption.ini]
// Socket   [1 - Can have Socket, 0 - cant]
// Harmony   [1 - Can have Harmony, 0 - cant]
// Refinery   [1 - Can have Refinery, 0 - cant]
//-------------------------------------------------------------------------------------------------------
//Group Index Level Option Dur Skill Luck Exc AncT1 AnctT2 Socket Harmony Refinery


//Black Dragon - Mahes (50)
9 16 1 1 1 0 1 1 50 -1 0 1 0


//Eclipse - Bes (51)
9 35 1 1 1 0 1 1 51 -1 0 1 0


//Iris - Serket (52)
9 36 1 1 1 0 1 1 52 -1 0 1 0
7 36 1 1 1 0 1 1 52 -1 0 1 0


//Valiant - Apis (53)
11 37 1 1 1 0 1 1 53 -1 0 1 0


//Ancient - Hapy (55)
8 41 1 1 1 0 1 1 55 -1 0 1 0
11 41 1 1 1 0 1 1 55 -1 0 1 0


//Dark Steel - Khons (54)
10 27 1 1 1 0 1 1 54 -1 0 1 0
11 27 1 1 1 0 1 1 54 -1 0 1 0


//Dark Phoenix - Bragi (57)
7 17 1 1 1 0 1 1 57 -1 0 1 0
8 17 1 1 1 0 1 1 57 -1 0 1 0
9 17 1 1 1 0 1 1 57 -1 0 1 0
11 17 1 1 1 0 1 1 57 -1 0 1 0


//Grand Soul - Alvis (58)
8 18 1 1 1 0 1 1 58 -1 0 1 0
10 18 1 1 1 0 1 1 58 -1 0 1 0
11 18 1 1 1 0 1 1 58 -1 0 1 0


//Holy Spirit - Frigg (59)
8 19 1 1 1 0 1 1 59 -1 0 1 0
9 19 1 1 1 0 1 1 59 -1 0 1 0
11 19 1 1 1 0 1 1 59 -1 0 1 0


//Thunder Hawk - Tyr (60)
10 20 1 1 1 0 1 1 60 -1 0 1 0
9 20 1 1 1 0 1 1 60 -1 0 1 0
11 20 1 1 1 0 1 1 60 -1 0 1 0


//Glorious - Surt (61)
8 38 1 1 1 0 1 1 61 -1 0 1 0
7 38 1 1 1 0 1 1 61 -1 0 1 0
10 38 1 1 1 0 1 1 61 -1 0 1 0
11 38 1 1 1 0 1 1 61 -1 0 1 0


//Demonic - Elune (62)
8 42 1 1 1 0 1 1 62 -1 0 1 0
9 42 1 1 1 0 1 1 62 -1 0 1 0
10 42 1 1 1 0 1 1 62 -1 0 1 0


//Piercing Groove - Magni (63)
8 61 1 1 1 0 1 1 63 -1 0 1 0
7 61 1 1 1 0 1 1 63 -1 0 1 0
11 61 1 1 1 0 1 1 63 -1 0 1 0


//Bronze - Hyperion(3) / Mist(4)
7 0 1 1 1 0 1 1 4 -1 0 1 0
8 0 1 1 1 0 1 1 3 -1 0 1 0
9 0 1 1 1 0 1 1 3 4 0 1 0
10 0 1 1 1 0 1 1 4 -1 0 1 0
11 0 1 1 1 0 1 1 3 -1 0 1 0


//Dragon - Hyon(11) / Vicious(12) / LUCKY Hegaton(44)
7 1 1 1 1 0 1 1 11 12 0 1 0
8 1 1 1 1 0 1 1 12 -1 0 1 0
9 1 1 1 1 0 1 1 12 -1 0 1 0
10 1 1 1 1 0 1 1 11 -1 0 1 0
11 1 1 1 1 0 1 1 11 -1 0 1 0
0 14 1 1 1 1 1 1 11 -1 0 1 0
7 67 1 1 1 0 1 0 44 -1 0 0 0
8 67 1 1 1 0 1 0 44 -1 0 0 0
9 67 1 1 1 0 1 0 44 -1 0 0 0
10 67 1 1 1 0 1 0 44 -1 0 0 0
11 67 1 1 1 0 1 0 44 -1 0 0 0


//Pad - Apollo(13) / Barnake(14)
7 2 1 1 1 0 1 1 13 14 0 1 0
8 2 1 1 1 0 1 1 13 -1 0 1 0
9 2 1 1 1 0 1 1 13 14 0 1 0
10 2 1 1 1 0 1 1 13 -1 0 1 0
11 2 1 1 1 0 1 1 14 -1 0 1 0
5 0 1 1 1 0 1 1 13 -1 0 1 0


//Legendary - Anubis(19) / Enis(20) / LUCKY Taros(46)
7 3 1 1 1 0 1 1 19 20 0 1 0
8 3 1 1 1 0 1 1 19 20 0 1 0
9 3 1 1 1 0 1 1 20 -1 0 1 0
10 3 1 1 1 0 1 1 19 -1 0 1 0
11 3 1 1 1 0 1 1 20 -1 0 1 0
7 69 1 1 1 0 1 0 46 -1 0 0 0
8 69 1 1 1 0 1 0 46 -1 0 0 0
9 69 1 1 1 0 1 0 46 -1 0 0 0
10 69 1 1 1 0 1 0 46 -1 0 0 0
11 69 1 1 1 0 1 0 46 -1 0 0 0


//Bone - Evis(15) / Sylion(16)
7 4 1 1 1 0 1 1 16 -1 0 1 0
8 4 1 1 1 0 1 1 15 16 0 1 0
9 4 1 1 1 0 1 1 15 -1 0 1 0
10 4 1 1 1 0 1 1 16 -1 0 1 0
11 4 1 1 1 0 1 1 15 16 0 1 0


//Leather - Warrior(1) / Anonymous(2)
7 5 1 1 1 0 1 1 1 2 0 1 0
8 5 1 1 1 0 1 1 1 -1 0 1 0
9 5 1 1 1 0 1 1 1 2 0 1 0
10 5 1 1 1 0 1 1 1 -1 0 1 0
11 5 1 1 1 0 1 1 1 2 0 1 0
2 1 1 1 1 1 1 1 1 -1 0 1 0
6 0 1 1 1 0 1 1 2 -1 0 1 0


//Scale - Eplete(5) / Berserker(6) / LUCKY Moros(39)
7 6 1 1 1 0 1 1 5 6 0 1 0
8 6 1 1 1 0 1 1 5 6 0 1 0
9 6 1 1 1 0 1 1 5 6 0 1 0
10 6 1 1 1 0 1 1 6 -1 0 1 0
11 6 1 1 1 0 1 1 6 -1 0 1 0
6 9 1 1 1 1 1 1 5 -1 0 1 0
7 62 1 1 1 0 1 0 39 -1 0 0 0
8 62 1 1 1 0 1 0 39 -1 0 0 0
9 62 1 1 1 0 1 0 39 -1 0 0 0
10 62 1 1 1 0 1 0 39 -1 0 0 0
11 62 1 1 1 0 1 0 39 -1 0 0 0


//Sphinx - Heras(17) / Minet(18) / LUCKY Hades(41)
7 7 1 1 1 0 1 1 17 -1 0 1 0
8 7 1 1 1 0 1 1 17 18 0 1 0
9 7 1 1 1 0 1 1 17 18 0 1 0
10 7 1 1 1 0 1 1 17 -1 0 1 0
11 7 1 1 1 0 1 1 17 18 0 1 0
6 6 1 1 1 1 1 1 17 -1 0 1 0
7 64 1 1 1 0 1 0 41 -1 0 0 0
8 64 1 1 1 0 1 0 41 -1 0 0 0
9 64 1 1 1 0 1 0 41 -1 0 0 0
10 64 1 1 1 0 1 0 41 -1 0 0 0
11 64 1 1 1 0 1 0 41 -1 0 0 0


//Brass - Garuda(7) / Cloud(8)
7 8 1 1 1 0 1 1 8 -1 0 1 0
8 8 1 1 1 0 1 1 7 -1 0 1 0
9 8 1 1 1 0 1 1 7 8 0 1 0
10 8 1 1 1 0 1 1 7 -1 0 1 0
11 8 1 1 1 0 1 1 7 -1 0 1 0


// Plate - Kantata(9) / Rave(10)
7 9 1 1 1 0 1 1 10 -1 0 1 0
8 9 1 1 1 0 1 1 9 10 0 1 0
9 9 1 1 1 0 1 1 10 -1 0 1 0
10 9 1 1 1 0 1 1 9 -1 0 1 0
11 9 1 1 1 0 1 1 9 -1 0 1 0


//Vine - Ceto(21) / Drake(22)
7 10 1 1 1 0 1 1 21 22 0 1 0
8 10 1 1 1 0 1 1 22 -1 0 1 0
9 10 1 1 1 0 1 1 21 22 0 1 0
10 10 1 1 1 0 1 1 21 -1 0 1 0
11 10 1 1 1 0 1 1 21 22 0 1 0
0 2 1 1 1 0 1 1 21 -1 0 1 0


//Silk - Gaia(23) / Fase(24) / LUCKY Dione(40)
7 11 1 1 1 0 1 1 23 -1 0 1 0
8 11 1 1 1 0 1 1 23 -1 0 1 0
9 11 1 1 1 0 1 1 23 24 0 1 0
10 11 1 1 1 0 1 1 23 24 0 1 0
11 11 1 1 1 0 1 1 24 -1 0 1 0
4 9 1 1 1 1 1 1 23 -1 0 1 0
7 63 1 1 1 0 1 0 40 -1 0 0 0
8 63 1 1 1 0 1 0 40 -1 0 0 0
9 63 1 1 1 0 1 0 40 -1 0 0 0
10 63 1 1 1 0 1 0 40 -1 0 0 0
11 63 1 1 1 0 1 0 40 -1 0 0 0


//Wind - Odin(25) / Elvian(26) / LUCKY Ophion(42)
7 12 1 1 1 0 1 1 25 -1 0 1 0
8 12 1 1 1 0 1 1 25 -1 0 1 0
9 12 1 1 1 0 1 1 25 26 0 1 0
10 12 1 1 1 0 1 1 25 -1 0 1 0
11 12 1 1 1 0 1 1 25 26 0 1 0
7 65 1 1 1 0 1 0 42 -1 0 0 0
8 65 1 1 1 0 1 0 42 -1 0 0 0
9 65 1 1 1 0 1 0 42 -1 0 0 0
10 65 1 1 1 0 1 0 42 -1 0 0 0
11 65 1 1 1 0 1 0 42 -1 0 0 0


//Spirit - Argo(27) / Karis(28)
7 13 1 1 1 0 1 1 28 -1 0 1 0
8 13 1 1 1 0 1 1 27 -1 0 1 0
9 13 1 1 1 0 1 1 27 28 0 1 0
10 13 1 1 1 0 1 1 27 -1 0 1 0
11 13 1 1 1 0 1 1 28 -1 0 1 0


//Guardian - Gywen(29) / Aruan(30) / LUCKY  Castol(45)
7 14 1 1 1 0 1 1 30 -1 0 1 0
8 14 1 1 1 0 1 1 29 30 0 1 0
9 14 1 1 1 0 1 1 30 -1 0 1 0
10 14 1 1 1 0 1 1 29 -1 0 1 0
11 14 1 1 1 0 1 1 29 30 0 1 0
4 5 1 1 1 1 1 1 29 -1 0 1 0
7 68 1 1 1 0 1 0 45 -1 0 0 0
8 68 1 1 1 0 1 0 45 -1 0 0 0
9 68 1 1 1 0 1 0 45 -1 0 0 0
10 68 1 1 1 0 1 0 45 -1 0 0 0
11 68 1 1 1 0 1 0 45 -1 0 0 0


//Storm Crow - Gaion(31) / Muren(32) / LUCKY Amis(48)
8 15 1 1 1 0 1 1 31 32 0 1 0
9 15 1 1 1 0 1 1 31 32 0 1 0
10 15 1 1 1 0 1 1 32 -1 0 1 0
11 15 1 1 1 0 1 1 31 -1 0 1 0
8 71 1 1 1 0 1 0 48 -1 0 0 0
9 71 1 1 1 0 1 0 48 -1 0 0 0
10 71 1 1 1 0 1 0 48 -1 0 0 0
11 71 1 1 1 0 1 0 48 -1 0 0 0


7 16 1 1 1 0 1 1 -1 -1 0 1 0
8 16 1 1 1 0 1 1 -1 -1 0 1 0
10 16 1 1 1 0 1 1 -1 -1 0 1 0
11 16 1 1 1 0 1 1 -1 -1 0 1 0
10 17 1 1 1 0 1 1 -1 -1 0 1 0
7 18 1 1 1 0 1 1 -1 -1 0 1 0
9 18 1 1 1 0 1 1 -1 -1 0 1 0
7 19 1 1 1 0 1 1 -1 -1 0 1 0
10 19 1 1 1 0 1 1 -1 -1 0 1 0
8 20 1 1 1 0 1 1 -1 -1 0 1 0
7 21 1 1 1 0 1 1 -1 -1 0 1 0
8 21 1 1 1 0 1 1 -1 -1 0 1 0
9 21 1 1 1 0 1 1 -1 -1 0 1 0
10 21 1 1 1 0 1 1 -1 -1 0 1 0
11 21 1 1 1 0 1 1 -1 -1 0 1 0
7 22 1 1 1 0 1 1 -1 -1 0 1 0
8 22 1 1 1 0 1 1 -1 -1 0 1 0
9 22 1 1 1 0 1 1 -1 -1 0 1 0
10 22 1 1 1 0 1 1 -1 -1 0 1 0
11 22 1 1 1 0 1 1 -1 -1 0 1 0
8 23 1 1 1 0 1 1 -1 -1 0 1 0
9 23 1 1 1 0 1 1 -1 -1 0 1 0
10 23 1 1 1 0 1 1 -1 -1 0 1 0
11 23 1 1 1 0 1 1 -1 -1 0 1 0
7 24 1 1 1 0 1 1 -1 -1 0 1 0
8 24 1 1 1 0 1 1 -1 -1 0 1 0
9 24 1 1 1 0 1 1 -1 -1 0 1 0
10 24 1 1 1 0 1 1 -1 -1 0 1 0
11 24 1 1 1 0 1 1 -1 -1 0 1 0
7 25 1 1 1 0 1 1 -1 -1 0 1 0
8 25 1 1 1 0 1 1 -1 -1 0 1 0
9 25 1 1 1 0 1 1 -1 -1 0 1 0
10 25 1 1 1 0 1 1 -1 -1 0 1 0
11 25 1 1 1 0 1 1 -1 -1 0 1 0


//Adamantine - Agnis(33) / Broy(34) / LUCKY Meter(43)
7 26 1 1 1 0 1 1 33 -1 0 1 0
8 26 1 1 1 0 1 1 33 -1 0 1 0
9 26 1 1 1 0 1 1 33 34 0 1 0
10 26 1 1 1 0 1 1 34 -1 0 1 0
11 26 1 1 1 0 1 1 34 -1 0 1 0
7 66 1 1 1 0 1 0 43 -1 0 0 0
8 66 1 1 1 0 1 0 43 -1 0 0 0
9 66 1 1 1 0 1 0 43 -1 0 0 0
10 66 1 1 1 0 1 0 43 -1 0 0 0
11 66 1 1 1 0 1 0 43 -1 0 0 0


7 27 1 1 1 0 1 1 -1 -1 0 1 0
8 27 1 1 1 0 1 1 -1 -1 0 1 0
9 27 1 1 1 0 1 1 -1 -1 0 1 0
7 28 1 1 1 0 1 1 -1 -1 0 1 0
8 28 1 1 1 0 1 1 -1 -1 0 1 0
9 28 1 1 1 0 1 1 -1 -1 0 1 0
10 28 1 1 1 0 1 1 -1 -1 0 1 0
11 28 1 1 1 0 1 1 -1 -1 0 1 0
7 29 1 1 1 0 1 1 -1 -1 0 1 1
8 29 1 1 1 0 1 1 -1 -1 0 1 1
9 29 1 1 1 0 1 1 -1 -1 0 1 1
10 29 1 1 1 0 1 1 -1 -1 0 1 1
11 29 1 1 1 0 1 1 -1 -1 0 1 1
7 30 1 1 1 0 1 1 -1 -1 0 1 1
8 30 1 1 1 0 1 1 -1 -1 0 1 1
9 30 1 1 1 0 1 1 -1 -1 0 1 1
10 30 1 1 1 0 1 1 -1 -1 0 1 1
11 30 1 1 1 0 1 1 -1 -1 0 1 1
7 31 1 1 1 0 1 1 -1 -1 0 1 1
8 31 1 1 1 0 1 1 -1 -1 0 1 1
9 31 1 1 1 0 1 1 -1 -1 0 1 1
10 31 1 1 1 0 1 1 -1 -1 0 1 1
11 31 1 1 1 0 1 1 -1 -1 0 1 1
8 32 1 1 1 0 1 1 -1 -1 0 1 1
9 32 1 1 1 0 1 1 -1 -1 0 1 1
10 32 1 1 1 0 1 1 -1 -1 0 1 1
11 32 1 1 1 0 1 1 -1 -1 0 1 1
7 33 1 1 1 0 1 1 -1 -1 0 1 1
8 33 1 1 1 0 1 1 -1 -1 0 1 1
9 33 1 1 1 0 1 1 -1 -1 0 1 1
10 33 1 1 1 0 1 1 -1 -1 0 1 1
11 33 1 1 1 0 1 1 -1 -1 0 1 1
7 34 1 1 1 0 1 1 -1 -1 0 1 0
8 34 1 1 1 0 1 1 -1 -1 0 1 0
9 34 1 1 1 0 1 1 -1 -1 0 1 0
10 34 1 1 1 0 1 1 -1 -1 0 1 0
11 34 1 1 1 0 1 1 -1 -1 0 1 0
7 35 1 1 1 0 1 1 -1 -1 0 1 0
8 35 1 1 1 0 1 1 -1 -1 0 1 0
10 35 1 1 1 0 1 1 -1 -1 0 1 0
11 35 1 1 1 0 1 1 -1 -1 0 1 0
8 36 1 1 1 0 1 1 -1 -1 0 1 0
10 36 1 1 1 0 1 1 -1 -1 0 1 0
11 36 1 1 1 0 1 1 -1 -1 0 1 0
8 37 1 1 1 0 1 1 -1 -1 0 1 0
9 37 1 1 1 0 1 1 -1 -1 0 1 0
10 37 1 1 1 0 1 1 -1 -1 0 1 0
9 38 1 1 1 0 1 1 -1 -1 0 1 0
7 39 1 1 1 0 1 1 -1 -1 0 1 0
8 39 1 1 1 0 1 1 -1 -1 0 1 0
9 39 1 1 1 0 1 1 -1 -1 0 1 0
10 39 1 1 1 0 1 1 -1 -1 0 1 0
11 39 1 1 1 0 1 1 -1 -1 0 1 0


//Red Wing - Chrono(35) / Sedemen(36) / LUCKY Nemesis(47)
7 40 1 1 1 0 1 1 35 36 0 1 0
8 40 1 1 1 0 1 1 36 -1 0 1 0
9 40 1 1 1 0 1 1 35 -1 0 1 0
10 40 1 1 1 0 1 1 35 36 0 1 0
11 40 1 1 1 0 1 1 36 -1 0 1 0
7 70 1 1 1 0 1 0 47 -1 0 0 0
8 70 1 1 1 0 1 0 47 -1 0 0 0
9 70 1 1 1 0 1 0 47 -1 0 0 0
10 70 1 1 1 0 1 0 47 -1 0 0 0
11 70 1 1 1 0 1 0 47 -1 0 0 0


7 41 1 1 1 0 1 1 -1 -1 0 1 0
9 41 1 1 1 0 1 1 -1 -1 0 1 0
10 41 1 1 1 0 1 1 -1 -1 0 1 0
7 42 1 1 1 0 1 1 -1 -1 0 1 0
11 42 1 1 1 0 1 1 -1 -1 0 1 0
7 43 1 1 1 0 1 1 -1 -1 0 1 1
8 43 1 1 1 0 1 1 -1 -1 0 1 1
9 43 1 1 1 0 1 1 -1 -1 0 1 1
10 43 1 1 1 0 1 1 -1 -1 0 1 1
11 43 1 1 1 0 1 1 -1 -1 0 1 1
7 44 1 1 1 0 1 1 -1 -1 1 0 0
8 44 1 1 1 0 1 1 -1 -1 1 0 0
9 44 1 1 1 0 1 1 -1 -1 1 0 0
10 44 1 1 1 0 1 1 -1 -1 1 0 0
11 44 1 1 1 0 1 1 -1 -1 1 0 0
7 45 1 1 1 0 1 1 -1 -1 1 0 0
8 45 1 1 1 0 1 1 -1 -1 1 0 0
9 45 1 1 1 0 1 1 -1 -1 1 0 0
10 45 1 1 1 0 1 1 -1 -1 1 0 0
11 45 1 1 1 0 1 1 -1 -1 1 0 0
7 46 1 1 1 0 1 1 -1 -1 1 0 0
8 46 1 1 1 0 1 1 -1 -1 1 0 0
9 46 1 1 1 0 1 1 -1 -1 1 0 0
10 46 1 1 1 0 1 1 -1 -1 1 0 0
11 46 1 1 1 0 1 1 -1 -1 1 0 0
8 47 1 1 1 0 1 1 -1 -1 1 0 0
9 47 1 1 1 0 1 1 -1 -1 1 0 0
10 47 1 1 1 0 1 1 -1 -1 1 0 0
11 47 1 1 1 0 1 1 -1 -1 1 0 0
8 48 1 1 1 0 1 1 -1 -1 1 0 0
9 48 1 1 1 0 1 1 -1 -1 1 0 0
10 48 1 1 1 0 1 1 -1 -1 1 0 0
11 48 1 1 1 0 1 1 -1 -1 1 0 0
7 49 1 1 1 0 1 1 -1 -1 1 0 0
8 49 1 1 1 0 1 1 -1 -1 1 0 0
9 49 1 1 1 0 1 1 -1 -1 1 0 0
10 49 1 1 1 0 1 1 -1 -1 1 0 0
11 49 1 1 1 0 1 1 -1 -1 1 0 0
7 50 1 1 1 0 1 1 -1 -1 1 0 0
8 50 1 1 1 0 1 1 -1 -1 1 0 0
9 50 1 1 1 0 1 1 -1 -1 1 0 0
10 50 1 1 1 0 1 1 -1 -1 1 0 0
11 50 1 1 1 0 1 1 -1 -1 1 0 0
7 51 1 1 1 0 1 1 -1 -1 1 0 0
8 51 1 1 1 0 1 1 -1 -1 1 0 0
9 51 1 1 1 0 1 1 -1 -1 1 0 0
10 51 1 1 1 0 1 1 -1 -1 1 0 0
11 51 1 1 1 0 1 1 -1 -1 1 0 0
7 52 1 1 1 0 1 1 -1 -1 1 0 0
8 52 1 1 1 0 1 1 -1 -1 1 0 0
9 52 1 1 1 0 1 1 -1 -1 1 0 0
10 52 1 1 1 0 1 1 -1 -1 1 0 0
11 52 1 1 1 0 1 1 -1 -1 1 0 0
7 53 1 1 1 0 1 1 -1 -1 1 0 0
8 53 1 1 1 0 1 1 -1 -1 1 0 0
9 53 1 1 1 0 1 1 -1 -1 1 0 0
10 53 1 1 1 0 1 1 -1 -1 1 0 0
11 53 1 1 1 0 1 1 -1 -1 1 0 0
7 54 1 1 1 0 1 1 -1 -1 1 0 0
8 54 1 1 1 0 1 1 -1 -1 1 0 0
9 54 1 1 1 0 1 1 -1 -1 1 0 0
10 54 1 1 1 0 1 1 -1 -1 1 0 0
11 54 1 1 1 0 1 1 -1 -1 1 0 0
7 55 1 1 1 0 1 1 -1 -1 1 0 0
8 55 1 1 1 0 1 1 -1 -1 1 0 0
9 55 1 1 1 0 1 1 -1 -1 1 0 0
10 55 1 1 1 0 1 1 -1 -1 1 0 0
11 55 1 1 1 0 1 1 -1 -1 1 0 0
7 56 1 1 1 0 1 1 -1 -1 1 0 0
8 56 1 1 1 0 1 1 -1 -1 1 0 0
9 56 1 1 1 0 1 1 -1 -1 1 0 0
10 56 1 1 1 0 1 1 -1 -1 1 0 0
11 56 1 1 1 0 1 1 -1 -1 1 0 0
8 57 1 1 1 0 1 1 -1 -1 1 0 0
9 57 1 1 1 0 1 1 -1 -1 1 0 0
10 57 1 1 1 0 1 1 -1 -1 1 0 0
11 57 1 1 1 0 1 1 -1 -1 1 0 0
7 58 1 1 1 0 1 1 -1 -1 1 0 0
8 58 1 1 1 0 1 1 -1 -1 1 0 0
9 58 1 1 1 0 1 1 -1 -1 1 0 0
10 58 1 1 1 0 1 1 -1 -1 1 0 0
11 58 1 1 1 0 1 1 -1 -1 1 0 0


//Sacred Fire - Vega(37) / Chamer(38)
7 59 1 1 1 0 1 1 37 -1 0 1 0
8 59 1 1 1 0 1 1 37 38 0 1 0
9 59 1 1 1 0 1 1 37 38 0 1 0
11 59 1 1 1 0 1 1 38 -1 0 1 0
0 32 1 1 1 1 1 1 37 38 0 1 0


7 60 1 1 1 0 1 1 -1 -1 0 1 0
8 60 1 1 1 0 1 1 -1 -1 0 1 0
9 60 1 1 1 0 1 1 -1 -1 0 1 0
10 60 1 1 1 0 1 1 -1 -1 0 1 0
9 61 1 1 1 0 1 1 -1 -1 0 1 0
10 61 1 1 1 0 1 1 -1 -1 0 1 0


//Storm Jahad - LUCKY Trite(49) - Horus (56)
7 72 1 1 1 0 1 0 49 -1 0 0 0
8 72 1 1 1 0 1 0 49 -1 0 0 0
9 72 1 1 1 0 1 0 49 -1 0 0 0
11 72 1 1 1 0 1 0 49 -1 0 0 0
0 33 1 1 1 1 1 1 49 56 0 1 0


7 73 1 1 1 0 1 1 -1 -1 0 1 1
8 73 1 1 1 0 1 1 -1 -1 0 1 1
9 73 1 1 1 0 1 1 -1 -1 0 1 1
10 73 1 1 1 0 1 1 -1 -1 0 1 1
7 74 1 1 1 0 1 1 -1 -1 1 0 0
8 74 1 1 1 0 1 1 -1 -1 1 0 0
9 74 1 1 1 0 1 1 -1 -1 1 0 0
10 74 1 1 1 0 1 1 -1 -1 1 0 0
11 74 1 1 1 0 1 1 -1 -1 1 0 0
7 75 1 1 1 0 1 1 -1 -1 1 0 0
8 75 1 1 1 0 1 1 -1 -1 1 0 0
9 75 1 1 1 0 1 1 -1 -1 1 0 0
10 75 1 1 1 0 1 1 -1 -1 1 0 0
11 75 1 1 1 0 1 1 -1 -1 1 0 0
7 76 1 1 1 0 1 1 -1 -1 1 0 0
8 76 1 1 1 0 1 1 -1 -1 1 0 0
9 76 1 1 1 0 1 1 -1 -1 1 0 0
10 76 1 1 1 0 1 1 -1 -1 1 0 0
7 78 1 1 1 0 1 1 -1 -1 0 0 0
8 78 1 1 1 0 1 1 -1 -1 0 0 0
9 78 1 1 1 0 1 1 -1 -1 0 0 0
10 78 1 1 1 0 1 1 -1 -1 0 0 0
11 78 1 1 1 0 1 1 -1 -1 0 0 0
7 79 1 1 1 0 1 1 -1 -1 0 0 0
8 79 1 1 1 0 1 1 -1 -1 0 0 0
9 79 1 1 1 0 1 1 -1 -1 0 0 0
10 79 1 1 1 0 1 1 -1 -1 0 0 0
11 79 1 1 1 0 1 1 -1 -1 0 0 0
7 80 1 1 1 0 1 1 -1 -1 0 0 0
8 80 1 1 1 0 1 1 -1 -1 0 0 0
9 80 1 1 1 0 1 1 -1 -1 0 0 0
10 80 1 1 1 0 1 1 -1 -1 0 0 0
11 80 1 1 1 0 1 1 -1 -1 0 0 0
7 81 1 1 1 0 1 1 -1 -1 0 0 0
8 81 1 1 1 0 1 1 -1 -1 0 0 0
9 81 1 1 1 0 1 1 -1 -1 0 0 0
10 81 1 1 1 0 1 1 -1 -1 0 0 0
11 81 1 1 1 0 1 1 -1 -1 0 0 0
7 82 1 1 1 0 1 1 -1 -1 0 0 0
8 82 1 1 1 0 1 1 -1 -1 0 0 0
9 82 1 1 1 0 1 1 -1 -1 0 0 0
10 82 1 1 1 0 1 1 -1 -1 0 0 0
11 82 1 1 1 0 1 1 -1 -1 0 0 0
7 83 1 1 1 0 1 1 -1 -1 0 0 0
8 83 1 1 1 0 1 1 -1 -1 0 0 0
9 83 1 1 1 0 1 1 -1 -1 0 0 0
10 83 1 1 1 0 1 1 -1 -1 0 0 0
0 0 1 1 1 0 1 1 -1 -1 0 1 0
0 1 1 1 1 0 1 1 -1 -1 0 1 0
0 3 1 1 1 1 1 1 -1 -1 0 1 0
0 4 1 1 1 1 1 1 -1 -1 0 1 0
0 5 1 1 1 1 1 1 -1 -1 0 1 0
0 6 1 1 1 1 1 1 -1 -1 0 1 0
0 7 1 1 1 1 1 1 -1 -1 0 1 0
0 8 1 1 1 1 1 1 -1 -1 0 1 0
0 9 1 1 1 1 1 1 -1 -1 0 1 0
0 10 1 1 1 1 1 1 -1 -1 0 1 0
0 11 1 1 1 1 1 1 -1 -1 0 1 0
0 12 1 1 1 1 1 1 -1 -1 0 1 0
0 13 1 1 1 1 1 1 -1 -1 0 1 0
0 15 1 1 1 1 1 1 -1 -1 0 1 0
0 16 1 1 1 1 1 1 -1 -1 0 1 0
0 17 1 1 1 1 1 1 57 -1 0 1 0
0 18 1 1 1 1 1 1 -1 -1 0 1 0
0 19 1 1 1 1 1 0 -1 -1 0 1 0
0 20 1 1 1 1 1 1 -1 -1 0 1 0
0 21 1 1 1 1 1 1 -1 -1 0 1 0
0 22 1 1 1 1 1 1 -1 -1 0 1 1
0 23 1 1 1 1 1 1 -1 -1 0 1 1
0 24 1 1 1 1 1 1 -1 -1 0 1 0
0 25 1 1 1 1 1 1 -1 -1 0 1 0
0 26 1 1 1 1 1 1 -1 -1 1 0 0
0 27 1 1 1 1 1 1 -1 -1 1 0 0
0 28 1 1 1 1 1 1 -1 -1 1 0 0
0 29 1 1 1 1 1 1 -1 -1 1 0 0
0 30 1 1 1 1 1 1 -1 -1 1 0 0
0 31 1 1 1 1 1 1 60 -1 0 1 0
0 34 1 1 1 1 1 1 63 -1 0 1 0
0 35 1 1 1 1 1 1 -1 -1 0 1 1
0 36 1 1 1 1 1 1 -1 -1 1 0 0
0 37 1 1 1 1 1 1 -1 -1 1 0 0
0 39 1 1 1 1 1 1 -1 -1 0 0 0
0 40 1 1 1 1 1 1 -1 -1 0 0 0
1 0 1 1 1 0 1 1 -1 -1 0 1 0
1 1 1 1 1 0 1 1 -1 -1 0 1 0
1 2 1 1 1 1 1 1 -1 -1 0 1 0
1 3 1 1 1 1 1 1 -1 -1 0 1 0
1 4 1 1 1 0 1 1 -1 -1 0 1 0
1 5 1 1 1 1 1 1 -1 -1 0 1 0
1 6 1 1 1 1 1 1 -1 -1 0 1 0
1 7 1 1 1 1 1 1 -1 -1 0 1 0
1 8 1 1 1 1 1 1 -1 -1 0 1 0
2 0 1 1 1 0 1 1 -1 -1 0 1 0
2 2 1 1 1 0 1 1 -1 -1 0 1 0
2 3 1 1 1 1 1 1 -1 -1 0 1 0
2 4 1 1 1 1 1 1 -1 -1 0 1 0
2 5 1 1 1 1 1 1 -1 -1 0 1 0
2 6 1 1 1 1 1 1 -1 -1 0 1 0
2 7 1 1 1 1 1 1 -1 -1 0 1 0
2 8 1 1 1 1 1 1 -1 -1 0 1 0
2 9 1 1 1 1 1 1 -1 -1 0 1 0
2 10 1 1 1 1 1 1 -1 -1 0 1 0
2 11 1 1 1 1 1 1 61 -1 0 1 0
2 12 1 1 1 1 1 1 -1 -1 0 1 0
2 13 1 1 1 1 1 0 -1 -1 0 1 0
2 14 1 1 1 1 1 1 -1 -1 0 1 1
2 15 1 1 1 1 1 1 -1 -1 0 1 0
2 16 1 1 1 0 1 1 -1 -1 1 0 0
2 17 1 1 1 1 1 1 -1 -1 1 0 0
2 18 1 1 1 1 1 1 -1 -1 0 1 0
2 19 1 1 1 1 1 1 -1 -1 1 0 0
2 20 1 1 1 1 1 1 -1 -1 1 0 0
2 21 1 1 1 1 1 1 -1 -1 0 0 0
3 0 1 1 1 1 1 1 -1 -1 0 1 0
3 1 1 1 1 0 1 1 -1 -1 0 1 0
3 2 1 1 1 0 1 1 -1 -1 0 1 0
3 3 1 1 1 0 1 1 -1 -1 0 1 0
3 4 1 1 1 1 1 1 -1 -1 0 1 0
3 5 1 1 1 0 1 1 -1 -1 0 1 0
3 6 1 1 1 0 1 1 -1 -1 0 1 0
3 7 1 1 1 1 1 1 -1 -1 0 1 0
3 8 1 1 1 1 1 1 -1 -1 0 1 0
3 9 1 1 1 1 1 1 -1 -1 0 1 0
3 10 1 1 1 1 1 1 -1 -1 0 1 0
3 11 1 1 1 1 1 1 -1 -1 0 1 0
3 12 1 1 1 1 1 1 -1 -1 1 0 0
4 0 1 1 1 1 1 1 -1 -1 0 1 0
4 1 1 1 1 1 1 1 -1 -1 0 1 0
4 2 1 1 1 1 1 1 -1 -1 0 1 0
4 3 1 1 1 1 1 1 -1 -1 0 1 0
4 4 1 1 1 1 1 1 -1 -1 0 1 0
4 6 1 1 1 1 1 1 -1 -1 0 1 0
4 7 0 0 1 0 0 0 -1 -1 0 0 0
4 8 1 1 1 1 1 1 -1 -1 0 1 0
4 10 1 1 1 1 1 1 -1 -1 0 1 0
4 11 1 1 1 1 1 1 -1 -1 0 1 0
4 12 1 1 1 1 1 1 -1 -1 0 1 0
4 13 1 1 1 1 1 1 -1 -1 0 1 0
4 14 1 1 1 1 1 1 -1 -1 0 1 0
4 15 0 0 1 0 0 0 -1 -1 0 0 0
4 16 1 1 1 1 1 1 -1 -1 0 1 0
4 17 1 1 1 1 1 1 59 -1 0 1 0
4 18 1 1 1 1 1 0 -1 -1 0 1 0
4 19 1 1 1 1 1 1 -1 -1 0 1 0
4 20 1 1 1 1 1 1 -1 -1 0 1 0
4 21 1 1 1 1 1 1 -1 -1 0 1 1
4 22 1 1 1 1 1 1 -1 -1 0 1 0
4 23 1 1 1 1 1 1 -1 -1 1 0 0
4 24 1 1 1 1 1 1 -1 -1 0 1 0
4 25 1 1 1 1 1 1 -1 -1 1 0 0
4 26 1 1 1 1 1 1 -1 -1 1 0 0
4 27 1 1 1 1 1 1 -1 -1 0 0 0
5 1 1 1 1 0 1 1 -1 -1 0 1 0
5 2 1 1 1 0 1 1 -1 -1 0 1 0
5 3 1 1 1 0 1 1 -1 -1 0 1 0
5 4 1 1 1 0 1 1 -1 -1 0 1 0
5 5 1 1 1 0 1 1 -1 -1 0 1 0
5 6 1 1 1 0 1 1 -1 -1 0 1 0
5 7 1 1 1 0 1 1 -1 -1 0 1 0
5 8 1 1 1 0 1 1 51 -1 0 1 0
5 9 1 1 1 0 1 1 58 -1 0 1 0
5 10 1 1 1 0 1 0 -1 -1 0 1 0
5 11 1 1 1 0 1 1 -1 -1 0 1 0
5 12 1 1 1 0 1 1 -1 -1 0 1 1
5 13 1 1 1 0 1 1 -1 -1 0 1 0
5 14 1 1 1 0 1 1 -1 -1 0 1 0
5 15 1 1 1 0 1 1 -1 -1 0 1 0
5 16 1 1 1 0 1 1 -1 -1 0 1 0
5 17 1 1 1 0 1 1 -1 -1 0 1 0
5 18 1 1 1 0 1 1 62 -1 0 1 0
5 19 1 1 1 0 1 1 -1 -1 0 1 1
5 20 1 1 1 0 1 1 -1 -1 1 0 0
5 21 1 1 1 1 1 1 -1 -1 0 1 0
5 22 1 1 1 1 1 1 -1 -1 0 1 0
5 23 1 1 1 1 1 1 -1 -1 0 1 0
5 30 1 1 1 0 1 1 -1 -1 1 0 0
5 31 1 1 1 0 1 1 -1 -1 0 1 0
5 32 1 1 1 0 1 1 -1 -1 1 0 0
5 33 1 1 1 0 1 1 -1 -1 0 1 0
5 34 1 1 1 0 1 1 -1 -1 0 1 0
5 35 1 1 1 0 1 1 -1 -1 1 0 0
5 36 1 1 1 0 1 0 -1 -1 0 1 0
5 37 1 1 1 0 1 1 -1 -1 1 0 0
5 38 1 1 1 0 1 1 -1 -1 0 0 0
5 39 1 1 1 0 1 1 -1 -1 0 0 0
5 40 1 1 1 1 1 1 -1 -1 0 0 0
6 1 1 1 1 0 1 1 -1 -1 0 1 0
6 2 1 1 1 0 1 1 -1 -1 0 1 0
6 3 1 1 1 0 1 1 -1 -1 0 1 0
6 4 1 1 1 1 1 1 -1 -1 0 1 0
6 5 1 1 1 1 1 1 -1 -1 0 1 0
6 7 1 1 1 1 1 1 -1 -1 0 1 0
6 8 1 1 1 1 1 1 -1 -1 0 1 0
6 10 1 1 1 1 1 1 -1 -1 0 1 0
6 11 1 1 1 1 1 1 -1 -1 0 1 0
6 12 1 1 1 0 1 1 50 -1 0 1 0
6 13 1 1 1 1 1 1 -1 -1 0 1 0
6 14 1 1 1 0 1 1 -1 -1 0 1 0
6 15 1 1 1 0 1 1 -1 -1 0 1 0
6 16 1 1 1 0 1 1 -1 -1 0 1 0
6 17 1 1 1 1 1 1 -1 -1 1 0 0
6 18 1 1 1 1 1 1 -1 -1 1 0 0
6 19 1 1 1 0 1 1 -1 -1 1 0 0
6 20 1 1 1 0 1 1 -1 -1 1 0 0
6 21 1 1 1 1 1 1 -1 -1 0 1 0
6 22 1 1 1 1 1 1 -1 -1 1 0 0
6 23 1 1 1 0 1 1 -1 -1 1 0 0
6 24 1 1 1 0 1 1 -1 -1 1 0 0
6 25 1 1 1 1 1 1 -1 -1 1 0 0
6 26 1 1 1 1 1 1 -1 -1 1 0 0
6 27 1 1 1 0 1 1 -1 -1 0 0 0
6 28 1 1 1 0 1 1 -1 -1 0 0 0
12 0 1 1 1 0 1 1 -1 -1 0 0 0
12 1 1 1 1 0 1 1 -1 -1 0 0 0
12 2 1 1 1 0 1 1 -1 -1 0 0 0
12 3 1 1 1 0 1 1 -1 -1 0 0 0
12 4 1 1 1 0 1 1 -1 -1 0 0 0
12 5 1 1 1 0 1 1 -1 -1 0 0 0
12 6 1 1 1 0 1 1 -1 -1 0 0 0
12 7 0 0 0 0 0 0 -1 -1 0 0 0
12 8 0 0 0 0 0 0 -1 -1 0 0 0
12 9 0 0 0 0 0 0 -1 -1 0 0 0
12 10 0 0 0 0 0 0 -1 -1 0 0 0
12 11 0 0 0 0 0 0 -1 -1 0 0 0
12 12 0 0 0 0 0 0 -1 -1 0 0 0
12 13 0 0 0 0 0 0 -1 -1 0 0 0
12 14 0 0 0 0 0 0 -1 -1 0 0 0
12 15 0 0 0 0 0 0 -1 -1 0 0 0
12 16 0 0 0 0 0 0 -1 -1 0 0 0
12 17 0 0 0 0 0 0 -1 -1 0 0 0
12 18 0 0 0 0 0 0 -1 -1 0 0 0
12 19 0 0 0 0 0 0 -1 -1 0 0 0
12 21 0 0 0 0 0 0 -1 -1 0 0 0
12 22 0 0 0 0 0 0 -1 -1 0 0 0
12 23 0 0 0 0 0 0 -1 -1 0 0 0
12 24 0 0 0 0 0 0 -1 -1 0 0 0
12 26 1 0 0 0 0 0 -1 -1 0 0 0
12 30 1 0 1 0 0 0 -1 -1 0 0 0
12 31 1 0 1 0 0 0 -1 -1 0 0 0
12 32 1 0 0 0 0 0 -1 -1 0 0 0
12 33 1 0 0 0 0 0 -1 -1 0 0 0
12 34 1 0 0 0 0 0 -1 -1 0 0 0
12 35 0 0 0 0 0 0 -1 -1 0 0 0
12 36 1 1 1 0 1 1 -1 -1 0 0 0
12 37 1 1 1 0 1 1 -1 -1 0 0 0
12 38 1 1 1 0 1 1 -1 -1 0 0 0
12 39 1 1 1 0 1 1 -1 -1 0 0 0
12 40 1 1 1 0 1 1 -1 -1 0 0 0
12 41 1 1 1 0 1 1 -1 -1 0 0 0
12 42 1 1 1 0 1 1 -1 -1 0 0 0
12 43 1 1 1 0 1 1 -1 -1 0 0 0
12 44 0 0 0 0 0 0 -1 -1 0 0 0
12 45 0 0 0 0 0 0 -1 -1 0 0 0
12 46 0 0 0 0 0 0 -1 -1 0 0 0
12 47 0 0 0 0 0 0 -1 -1 0 0 0
12 48 0 0 0 0 0 0 -1 -1 0 0 0
12 49 1 1 1 1 1 1 -1 -1 0 0 0
12 50 1 1 1 1 1 1 -1 -1 0 0 0
12 60 1 0 0 0 0 0 -1 -1 0 0 0
12 61 1 0 0 0 0 0 -1 -1 0 0 0
12 62 1 0 0 0 0 0 -1 -1 0 0 0
12 63 1 0 0 0 0 0 -1 -1 0 0 0
12 64 1 0 0 0 0 0 -1 -1 0 0 0
12 65 1 0 0 0 0 0 -1 -1 0 0 0
12 70 1 0 0 0 0 0 -1 -1 0 0 0
12 71 1 0 0 0 0 0 -1 -1 0 0 0
12 72 1 0 0 0 0 0 -1 -1 0 0 0
12 73 1 0 0 0 0 0 -1 -1 0 0 0
12 74 1 0 0 0 0 0 -1 -1 0 0 0
12 100 1 0 0 0 0 0 -1 -1 0 0 0
12 101 1 0 0 0 0 0 -1 -1 0 0 0
12 102 1 0 0 0 0 0 -1 -1 0 0 0
12 103 1 0 0 0 0 0 -1 -1 0 0 0
12 104 1 0 0 0 0 0 -1 -1 0 0 0
12 105 1 0 0 0 0 0 -1 -1 0 0 0
12 106 1 0 0 0 0 0 -1 -1 0 0 0
12 107 1 0 0 0 0 0 -1 -1 0 0 0
12 108 1 0 0 0 0 0 -1 -1 0 0 0
12 109 1 0 0 0 0 0 -1 -1 0 0 0
12 110 1 0 0 0 0 0 -1 -1 0 0 0
12 111 1 0 0 0 0 0 -1 -1 0 0 0
12 112 1 0 0 0 0 0 -1 -1 0 0 0
12 113 1 0 0 0 0 0 -1 -1 0 0 0
12 114 1 0 0 0 0 0 -1 -1 0 0 0
12 115 1 0 0 0 0 0 -1 -1 0 0 0
12 116 1 0 0 0 0 0 -1 -1 0 0 0
12 117 1 0 0 0 0 0 -1 -1 0 0 0
12 118 1 0 0 0 0 0 -1 -1 0 0 0
12 119 1 0 0 0 0 0 -1 -1 0 0 0
12 120 1 0 0 0 0 0 -1 -1 0 0 0
12 121 1 0 0 0 0 0 -1 -1 0 0 0
12 122 1 0 0 0 0 0 -1 -1 0 0 0
12 123 1 0 0 0 0 0 -1 -1 0 0 0
12 124 1 0 0 0 0 0 -1 -1 0 0 0
12 125 1 0 0 0 0 0 -1 -1 0 0 0
12 126 1 0 0 0 0 0 -1 -1 0 0 0
12 127 1 0 0 0 0 0 -1 -1 0 0 0
12 128 1 0 0 0 0 0 -1 -1 0 0 0
12 129 1 0 0 0 0 0 -1 -1 0 0 0
12 130 1 0 1 0 0 0 -1 -1 0 0 0
12 131 1 0 1 0 0 0 -1 -1 0 0 0
12 132 1 0 1 0 0 0 -1 -1 0 0 0
12 133 1 0 1 0 0 0 -1 -1 0 0 0
12 134 1 0 1 0 0 0 -1 -1 0 0 0
12 135 1 0 1 0 0 0 -1 -1 0 0 0
12 136 1 0 1 0 0 0 -1 -1 0 0 0
12 137 1 0 1 0 0 0 -1 -1 0 0 0
12 138 1 0 1 0 0 0 -1 -1 0 0 0
12 139 1 0 1 0 0 0 -1 -1 0 0 0
12 140 1 0 1 0 0 0 -1 -1 0 0 0
12 141 1 0 1 0 0 0 -1 -1 0 0 0
12 142 1 0 1 0 0 0 -1 -1 0 0 0
12 143 1 0 1 0 0 0 -1 -1 0 0 0
12 144 1 1 1 0 0 0 -1 -1 0 0 0
12 145 1 1 1 0 0 0 -1 -1 0 0 0
12 146 1 1 1 0 0 0 -1 -1 0 0 0
12 147 1 1 1 0 0 0 -1 -1 0 0 0
12 148 1 1 1 0 0 0 -1 -1 0 0 0
12 149 1 1 1 0 0 0 -1 -1 0 0 0
12 150 1 1 1 0 0 0 -1 -1 0 0 0
12 151 1 1 1 0 0 0 -1 -1 0 0 0
12 200 1 1 1 0 0 0 -1 -1 0 0 0
12 201 1 1 1 0 0 0 -1 -1 0 0 0
12 221 1 1 1 0 0 0 -1 -1 0 0 0
12 231 1 1 1 0 0 0 -1 -1 0 0 0
12 241 1 1 1 0 0 0 -1 -1 0 0 0
12 251 1 1 1 0 0 0 -1 -1 0 0 0
12 261 1 1 1 0 0 0 -1 -1 0 0 0
12 262 1 1 1 0 1 1 -1 -1 0 0 0
12 263 1 1 1 0 1 1 -1 -1 0 0 0
12 264 1 1 1 0 1 1 -1 -1 0 0 0
12 265 1 1 1 0 1 1 -1 -1 0 0 0
13 0 0 0 0 0 0 0 -1 -1 0 0 0
13 1 0 0 0 0 0 0 -1 -1 0 0 0
13 2 0 0 0 0 0 0 -1 -1 0 0 0
13 3 0 0 0 0 0 0 -1 -1 0 0 0
13 4 1 0 0 0 0 0 -1 -1 0 0 0
13 5 1 0 0 0 0 0 -1 -1 0 0 0
13 7 1 0 0 0 0 0 -1 -1 0 0 0
13 8 1 1 1 0 0 1 1 62 0 0 0
13 9 1 1 1 0 0 1 9 33 0 0 0
13 10 0 0 0 0 0 0 -1 -1 0 0 0
13 11 0 0 0 0 0 0 -1 -1 0 0 0
13 12 1 1 1 0 0 1 5 60 0 0 0
13 13 1 1 1 0 0 1 7 53 0 0 0
13 14 0 0 0 0 0 0 -1 -1 0 0 0
13 15 0 0 0 0 0 0 -1 -1 0 0 0
13 16 0 0 0 0 0 0 -1 -1 0 0 0
13 17 1 0 0 0 0 0 -1 -1 0 0 0
13 18 1 0 0 0 0 0 -1 -1 0 0 0
13 19 0 0 0 0 0 0 -1 -1 0 0 0
13 20 1 0 0 0 0 1 -1 -1 0 0 0
13 21 1 1 1 0 0 1 19 32 0 0 0
13 22 1 1 1 0 0 1 21 12 0 0 0
13 23 1 1 1 0 0 1 9 63 0 0 0
13 24 1 1 1 0 0 1 35 14 0 0 0
13 25 1 1 1 0 0 1 13 34 0 0 0
13 26 1 1 1 0 0 1 15 59 0 0 0
13 27 1 1 1 0 0 1 31 58 0 0 0
13 28 1 1 1 0 0 1 29 56 0 0 0
13 29 1 0 0 0 0 0 -1 -1 0 0 0
13 30 1 1 1 0 1 1 -1 -1 0 0 0
13 31 0 0 1 0 0 0 -1 -1 0 0 0
13 32 0 0 1 0 0 0 -1 -1 0 0 0
13 33 0 0 1 0 0 0 -1 -1 0 0 0
13 34 0 0 1 0 0 0 -1 -1 0 0 0
13 35 0 0 0 0 0 0 -1 -1 0 0 0
13 36 0 0 0 0 0 0 -1 -1 0 0 0
13 37 1 1 1 0 0 1 -1 -1 0 0 0
13 38 0 0 1 0 0 0 -1 -1 0 0 0
13 39 0 0 0 0 0 0 -1 -1 0 0 0
13 40 0 0 0 0 0 0 -1 -1 0 0 0
13 41 0 0 0 0 0 0 -1 -1 0 0 0
13 42 1 1 1 0 0 0 -1 -1 0 0 0
13 43 0 0 0 0 0 0 -1 -1 0 0 0
13 44 0 0 0 0 0 0 -1 -1 0 0 0
13 45 0 0 0 0 0 0 -1 -1 0 0 0
13 46 0 0 1 0 0 0 -1 -1 0 0 0
13 47 0 0 1 0 0 0 -1 -1 0 0 0
13 48 0 0 1 0 0 0 -1 -1 0 0 0
13 49 1 0 0 0 0 0 -1 -1 0 0 0
13 50 1 0 0 0 0 0 -1 -1 0 0 0
13 51 1 0 0 0 0 0 -1 -1 0 0 0
13 52 0 0 0 0 0 0 -1 -1 0 0 0
13 53 0 0 0 0 0 0 -1 -1 0 0 0
13 54 0 0 1 0 0 0 -1 -1 0 0 0
13 55 0 0 1 0 0 0 -1 -1 0 0 0
13 56 0 0 1 0 0 0 -1 -1 0 0 0
13 57 0 0 1 0 0 0 -1 -1 0 0 0
13 58 0 0 1 0 0 0 -1 -1 0 0 0
13 59 0 0 0 0 0 0 -1 -1 0 0 0
13 60 0 0 0 0 0 0 -1 -1 0 0 0
13 61 1 0 0 0 0 0 -1 -1 0 0 0
13 62 0 0 0 0 0 0 -1 -1 0 0 0
13 63 0 0 0 0 0 0 -1 -1 0 0 0
13 64 0 0 1 0 0 0 -1 -1 0 0 0
13 65 0 0 1 0 0 0 -1 -1 0 0 0
13 66 0 0 1 0 0 0 -1 -1 0 0 0
13 67 0 0 1 0 0 0 -1 -1 0 0 0
13 68 0 0 0 0 0 0 -1 -1 0 0 0
13 69 0 0 0 0 0 0 -1 -1 0 0 0
13 70 0 0 0 0 0 0 -1 -1 0 0 0
13 71 0 0 0 0 0 0 -1 -1 0 0 0
13 72 0 0 0 0 0 0 -1 -1 0 0 0
13 73 0 0 0 0 0 0 -1 -1 0 0 0
13 74 0 0 0 0 0 0 -1 -1 0 0 0
13 75 0 0 0 0 0 0 -1 -1 0 0 0
13 76 0 0 0 0 0 0 -1 -1 0 0 0
13 77 0 0 0 0 0 0 -1 -1 0 0 0
13 78 0 0 0 0 0 0 -1 -1 0 0 0
13 80 0 0 1 0 0 0 -1 -1 0 0 0
13 81 0 0 0 0 0 0 -1 -1 0 0 0
13 82 0 0 0 0 0 0 -1 -1 0 0 0
13 83 0 0 0 0 0 0 -1 -1 0 0 0
13 84 0 0 0 0 0 0 -1 -1 0 0 0
13 85 0 0 0 0 0 0 -1 -1 0 0 0
13 86 0 0 0 0 0 0 -1 -1 0 0 0
13 87 0 0 0 0 0 0 -1 -1 0 0 0
13 88 0 0 0 0 0 0 -1 -1 0 0 0
13 89 0 0 0 0 0 0 -1 -1 0 0 0
13 90 0 0 0 0 0 0 -1 -1 0 0 0
13 91 0 0 0 0 0 0 -1 -1 0 0 0
13 92 0 0 0 0 0 0 -1 -1 0 0 0
13 93 0 0 0 0 0 0 -1 -1 0 0 0
13 94 0 0 0 0 0 0 -1 -1 0 0 0
13 95 0 0 0 0 0 0 -1 -1 0 0 0
13 96 0 0 0 0 0 0 -1 -1 0 0 0
13 103 0 0 0 0 0 0 -1 -1 0 0 0
13 104 0 0 1 0 0 0 -1 -1 0 0 0
13 105 0 0 1 0 0 0 -1 -1 0 0 0
13 106 0 0 1 0 0 0 -1 -1 0 0 0
13 107 0 0 0 0 0 0 -1 -1 0 0 0
13 109 0 0 0 0 0 0 -1 -1 0 0 0
13 110 0 0 0 0 0 0 -1 -1 0 0 0
13 111 0 0 0 0 0 0 -1 -1 0 0 0
13 112 0 0 0 0 0 0 -1 -1 0 0 0
13 113 0 0 0 0 0 0 -1 -1 0 0 0
13 114 0 0 0 0 0 0 -1 -1 0 0 0
13 115 0 0 0 0 0 0 -1 -1 0 0 0
13 116 0 0 0 0 0 0 -1 -1 0 0 0
13 117 0 0 1 0 0 0 -1 -1 0 0 0
13 118 0 0 1 0 0 0 -1 -1 0 0 0
13 119 0 0 1 0 0 0 -1 -1 0 0 0
13 120 0 0 1 0 0 0 -1 -1 0 0 0
13 121 0 0 1 0 0 0 -1 -1 0 0 0
13 122 0 0 0 0 0 0 -1 -1 0 0 0
13 123 0 0 1 0 0 0 -1 -1 0 0 0
13 124 0 0 0 0 0 0 -1 -1 0 0 0
13 125 0 0 1 0 0 0 -1 -1 0 0 0
13 126 0 0 1 0 0 0 -1 -1 0 0 0
13 127 0 0 1 0 0 0 -1 -1 0 0 0
13 128 0 0 0 0 0 0 -1 -1 0 0 0
13 129 0 0 0 0 0 0 -1 -1 0 0 0
13 130 0 0 0 0 0 0 -1 -1 0 0 0
13 131 0 0 0 0 0 0 -1 -1 0 0 0
13 132 0 0 0 0 0 0 -1 -1 0 0 0
13 133 0 0 0 0 0 0 -1 -1 0 0 0
13 134 0 0 0 0 0 0 -1 -1 0 0 0
13 135 0 0 0 0 0 0 -1 -1 0 0 0
13 136 0 0 0 0 0 0 -1 -1 0 0 0
13 137 0 0 0 0 0 0 -1 -1 0 0 0
13 138 0 0 0 0 0 0 -1 -1 0 0 0
13 139 0 0 0 0 0 0 -1 -1 0 0 0
13 140 0 0 0 0 0 0 -1 -1 0 0 0
13 141 0 0 0 0 0 0 -1 -1 0 0 0
13 142 0 0 0 0 0 0 -1 -1 0 0 0
13 143 0 0 0 0 0 0 -1 -1 0 0 0
13 144 0 0 0 0 0 0 -1 -1 0 0 0
13 145 0 0 1 0 0 0 -1 -1 0 0 0
13 146 0 0 0 0 0 0 -1 -1 0 0 0
13 147 0 0 0 0 0 0 -1 -1 0 0 0
13 148 0 0 0 0 0 0 -1 -1 0 0 0
13 149 0 0 0 0 0 0 -1 -1 0 0 0
13 150 0 0 0 0 0 0 -1 -1 0 0 0
13 151 0 0 0 0 0 0 -1 -1 0 0 0
13 152 0 0 0 0 0 0 -1 -1 0 0 0
13 153 0 0 0 0 0 0 -1 -1 0 0 0
13 154 0 0 0 0 0 0 -1 -1 0 0 0
13 155 0 0 0 0 0 0 -1 -1 0 0 0
13 156 0 0 0 0 0 0 -1 -1 0 0 0
13 157 0 0 0 0 0 0 -1 -1 0 0 0
13 158 0 0 0 0 0 0 -1 -1 0 0 0
13 159 0 0 0 0 0 0 -1 -1 0 0 0
13 160 0 0 0 0 0 0 -1 -1 0 0 0
13 161 0 0 0 0 0 0 -1 -1 0 0 0
13 169 0 0 0 0 0 0 -1 -1 0 0 0
13 170 0 0 0 0 0 0 -1 -1 0 0 0
14 0 1 0 1 0 0 0 -1 -1 0 0 0
14 1 1 0 1 0 0 0 -1 -1 0 0 0
14 2 1 0 1 0 0 0 -1 -1 0 0 0
14 3 1 0 1 0 0 0 -1 -1 0 0 0
14 4 1 0 1 0 0 0 -1 -1 0 0 0
14 5 1 0 1 0 0 0 -1 -1 0 0 0
14 6 1 0 1 0 0 0 -1 -1 0 0 0
14 7 1 0 1 0 0 0 -1 -1 0 0 0
14 8 1 0 1 0 0 0 -1 -1 0 0 0
14 9 0 0 0 0 0 0 -1 -1 0 0 0
14 10 0 0 0 0 0 0 -1 -1 0 0 0
14 11 1 0 0 0 0 0 -1 -1 0 0 0
14 12 1 0 0 0 0 0 -1 -1 0 0 0
14 13 0 0 0 0 0 0 -1 -1 0 0 0
14 14 0 0 0 0 0 0 -1 -1 0 0 0
14 15 0 0 0 0 0 0 -1 -1 0 0 0
14 16 0 0 0 0 0 0 -1 -1 0 0 0
14 17 1 0 0 0 0 0 -1 -1 0 0 0
14 18 1 0 0 0 0 0 -1 -1 0 0 0
14 19 1 0 0 0 0 0 -1 -1 0 0 0
14 20 0 0 0 0 0 0 -1 -1 0 0 0
14 21 0 0 0 0 0 0 -1 -1 0 0 0
14 22 0 0 0 0 0 0 -1 -1 0 0 0
14 23 1 0 0 0 0 0 -1 -1 0 0 0
14 24 1 0 0 0 0 0 -1 -1 0 0 0
14 25 0 0 0 0 0 0 -1 -1 0 0 0
14 26 0 0 0 0 0 0 -1 -1 0 0 0
14 28 0 0 0 0 0 0 -1 -1 0 0 0
14 29 1 0 1 0 0 0 -1 -1 0 0 0
14 31 0 0 0 0 0 0 -1 -1 0 0 0
14 32 0 0 0 0 0 0 -1 -1 0 0 0
14 33 0 0 0 0 0 0 -1 -1 0 0 0
14 34 0 0 0 0 0 0 -1 -1 0 0 0
14 35 1 0 1 0 0 0 -1 -1 0 0 0
14 36 1 0 1 0 0 0 -1 -1 0 0 0
14 37 1 0 1 0 0 0 -1 -1 0 0 0
14 38 1 0 1 0 0 0 -1 -1 0 0 0
14 39 1 0 1 0 0 0 -1 -1 0 0 0
14 40 1 0 1 0 0 0 -1 -1 0 0 0
14 41 0 0 0 0 0 0 -1 -1 0 0 0
14 42 0 0 0 0 0 0 -1 -1 0 0 0
14 43 0 0 0 0 0 0 -1 -1 0 0 0
14 44 0 0 0 0 0 0 -1 -1 0 0 0
14 45 0 0 0 0 0 0 -1 -1 0 0 0
14 46 0 0 0 0 0 0 -1 -1 0 0 0
14 47 0 0 0 0 0 0 -1 -1 0 0 0
14 48 0 0 0 0 0 0 -1 -1 0 0 0
14 49 0 0 0 0 0 0 -1 -1 0 0 0
14 50 0 0 0 0 0 0 -1 -1 0 0 0
14 51 1 0 0 0 0 0 -1 -1 0 0 0
14 52 1 0 0 0 0 0 -1 -1 0 0 0
14 53 1 1 1 0 0 0 -1 -1 0 0 0
14 54 0 0 0 0 0 0 -1 -1 0 0 0
14 55 0 0 0 0 0 0 -1 -1 0 0 0
14 56 0 0 0 0 0 0 -1 -1 0 0 0
14 57 0 0 0 0 0 0 -1 -1 0 0 0
14 58 0 0 0 0 0 0 -1 -1 0 0 0
14 59 0 0 0 0 0 0 -1 -1 0 0 0
14 60 0 0 0 0 0 0 -1 -1 0 0 0
14 61 0 0 0 0 0 0 -1 -1 0 0 0
14 62 0 0 0 0 0 0 -1 -1 0 0 0
14 63 1 0 0 0 0 0 -1 -1 0 0 0
14 64 1 0 0 0 0 0 -1 -1 0 0 0
14 65 0 0 0 0 0 0 -1 -1 0 0 0
14 66 0 0 0 0 0 0 -1 -1 0 0 0
14 67 0 0 0 0 0 0 -1 -1 0 0 0
14 68 0 0 0 0 0 0 -1 -1 0 0 0
14 70 1 0 1 0 0 0 -1 -1 0 0 0
14 71 1 0 1 0 0 0 -1 -1 0 0 0
14 72 0 0 0 0 0 0 -1 -1 0 0 0
14 73 0 0 0 0 0 0 -1 -1 0 0 0
14 74 0 0 0 0 0 0 -1 -1 0 0 0
14 75 0 0 0 0 0 0 -1 -1 0 0 0
14 76 0 0 0 0 0 0 -1 -1 0 0 0
14 77 0 0 0 0 0 0 -1 -1 0 0 0
14 78 0 0 0 0 0 0 -1 -1 0 0 0
14 79 0 0 0 0 0 0 -1 -1 0 0 0
14 80 0 0 0 0 0 0 -1 -1 0 0 0
14 81 0 0 0 0 0 0 -1 -1 0 0 0
14 82 0 0 0 0 0 0 -1 -1 0 0 0
14 83 0 0 0 0 0 0 -1 -1 0 0 0
14 84 0 0 0 0 0 0 -1 -1 0 0 0
14 85 0 0 0 0 0 0 -1 -1 0 0 0
14 86 0 0 0 0 0 0 -1 -1 0 0 0
14 87 0 0 0 0 0 0 -1 -1 0 0 0
14 88 0 0 0 0 0 0 -1 -1 0 0 0
14 89 0 0 0 0 0 0 -1 -1 0 0 0
14 90 0 0 0 0 0 0 -1 -1 0 0 0
14 91 0 0 0 0 0 0 -1 -1 0 0 0
14 92 0 0 0 0 0 0 -1 -1 0 0 0
14 93 0 0 0 0 0 0 -1 -1 0 0 0
14 94 1 0 1 0 0 0 -1 -1 0 0 0
14 95 0 0 0 0 0 0 -1 -1 0 0 0
14 96 1 1 1 0 0 0 -1 -1 0 0 0
14 97 0 0 0 0 0 0 -1 -1 0 0 0
14 98 0 0 0 0 0 0 -1 -1 0 0 0
14 99 1 0 0 0 0 0 -1 -1 0 0 0
14 100 0 0 0 0 0 0 -1 -1 0 0 0
14 101 0 0 1 0 0 0 -1 -1 0 0 0
14 102 0 0 1 0 0 0 -1 -1 0 0 0
14 103 0 0 1 0 0 0 -1 -1 0 0 0
14 104 0 0 1 0 0 0 -1 -1 0 0 0
14 105 0 0 1 0 0 0 -1 -1 0 0 0
14 106 0 0 1 0 0 0 -1 -1 0 0 0
14 107 0 0 1 0 0 0 -1 -1 0 0 0
14 108 0 0 1 0 0 0 -1 -1 0 0 0
14 109 0 0 0 0 0 0 -1 -1 0 0 0
14 110 0 0 1 0 0 0 -1 -1 0 0 0
14 111 0 0 1 0 0 0 -1 -1 0 0 0
14 112 0 0 0 0 0 0 -1 -1 0 0 0
14 113 0 0 0 0 0 0 -1 -1 0 0 0
14 114 0 0 0 0 0 0 -1 -1 0 0 0
14 115 0 0 0 0 0 0 -1 -1 0 0 0
14 116 0 0 0 0 0 0 -1 -1 0 0 0
14 117 0 0 0 0 0 0 -1 -1 0 0 0
14 118 0 0 0 0 0 0 -1 -1 0 0 0
14 119 0 0 0 0 0 0 -1 -1 0 0 0
14 120 0 0 0 0 0 0 -1 -1 0 0 0
14 121 0 0 0 0 0 0 -1 -1 0 0 0
14 122 0 0 0 0 0 0 -1 -1 0 0 0
14 123 0 0 0 0 0 0 -1 -1 0 0 0
14 124 0 0 0 0 0 0 -1 -1 0 0 0
14 125 0 0 0 0 0 0 -1 -1 0 0 0
14 126 0 0 0 0 0 0 -1 -1 0 0 0
14 127 0 0 0 0 0 0 -1 -1 0 0 0
14 128 0 0 0 0 0 0 -1 -1 0 0 0
14 129 0 0 0 0 0 0 -1 -1 0 0 0
14 130 0 0 0 0 0 0 -1 -1 0 0 0
14 131 0 0 0 0 0 0 -1 -1 0 0 0
14 132 0 0 0 0 0 0 -1 -1 0 0 0
14 133 0 0 0 0 0 0 -1 -1 0 0 0
14 134 0 0 0 0 0 0 -1 -1 0 0 0
14 135 0 0 0 0 0 0 -1 -1 0 0 0
14 136 0 0 0 0 0 0 -1 -1 0 0 0
14 137 0 0 0 0 0 0 -1 -1 0 0 0
14 138 0 0 0 0 0 0 -1 -1 0 0 0
14 139 0 0 0 0 0 0 -1 -1 0 0 0
14 140 0 0 0 0 0 0 -1 -1 0 0 0
14 141 0 0 0 0 0 0 -1 -1 0 0 0
14 142 0 0 0 0 0 0 -1 -1 0 0 0
14 143 0 0 0 0 0 0 -1 -1 0 0 0
14 144 0 0 0 0 0 0 -1 -1 0 0 0
14 145 0 0 0 0 0 0 -1 -1 0 0 0
14 146 0 0 0 0 0 0 -1 -1 0 0 0
14 147 0 0 0 0 0 0 -1 -1 0 0 0
14 148 0 0 0 0 0 0 -1 -1 0 0 0
14 149 0 0 0 0 0 0 -1 -1 0 0 0
14 150 0 0 0 0 0 0 -1 -1 0 0 0
14 151 0 0 0 0 0 0 -1 -1 0 0 0
14 152 0 0 0 0 0 0 -1 -1 0 0 0
14 153 0 0 0 0 0 0 -1 -1 0 0 0
14 154 0 0 0 0 0 0 -1 -1 0 0 0
14 155 0 0 0 0 0 0 -1 -1 0 0 0
14 156 0 0 0 0 0 0 -1 -1 0 0 0
14 157 0 0 0 0 0 0 -1 -1 0 0 0
14 158 0 0 0 0 0 0 -1 -1 0 0 0
14 159 0 0 0 0 0 0 -1 -1 0 0 0
14 160 0 0 0 0 0 0 -1 -1 0 0 0
14 161 0 0 0 0 0 0 -1 -1 0 0 0
14 162 0 0 0 0 0 0 -1 -1 0 0 0
14 163 0 0 0 0 0 0 -1 -1 0 0 0
14 169 0 0 0 0 0 0 -1 -1 0 0 0
14 170 0 0 0 0 0 0 -1 -1 0 0 0
14 171 0 0 0 0 0 0 -1 -1 0 0 0
14 176 0 0 0 0 0 0 -1 -1 0 0 0
14 177 0 0 0 0 0 0 -1 -1 0 0 0
14 178 0 0 0 0 0 0 -1 -1 0 0 0
14 179 0 0 0 0 0 0 -1 -1 0 0 0
14 180 0 0 0 0 0 0 -1 -1 0 0 0
14 181 0 0 0 0 0 0 -1 -1 0 0 0
14 182 0 0 0 0 0 0 -1 -1 0 0 0
14 183 0 0 0 0 0 0 -1 -1 0 0 0
14 184 0 0 0 0 0 0 -1 -1 0 0 0
14 185 0 0 0 0 0 0 -1 -1 0 0 0
14 186 0 0 0 0 0 0 -1 -1 0 0 0
14 187 0 0 0 0 0 0 -1 -1 0 0 0
14 188 0 0 0 0 0 0 -1 -1 0 0 0
14 189 1 1 1 0 0 0 -1 -1 0 0 0
14 190 1 1 1 0 0 0 -1 -1 0 0 0
14 191 0 0 0 0 0 0 -1 -1 0 0 0
14 192 0 0 0 0 0 0 -1 -1 0 0 0
14 193 0 0 0 0 0 0 -1 -1 0 0 0
14 194 0 0 0 0 0 0 -1 -1 0 0 0
14 195 0 0 0 0 0 0 -1 -1 0 0 0
14 196 0 0 0 0 0 0 -1 -1 0 0 0
14 197 0 0 0 0 0 0 -1 -1 0 0 0
14 198 0 0 0 0 0 0 -1 -1 0 0 0
14 199 0 0 0 0 0 0 -1 -1 0 0 0
14 200 0 0 0 0 0 0 -1 -1 0 0 0
14 201 0 0 0 0 0 0 -1 -1 0 0 0
14 202 0 0 0 0 0 0 -1 -1 0 0 0
14 210 0 0 0 0 0 0 -1 -1 0 0 0
14 211 0 0 0 0 0 0 -1 -1 0 0 0
14 212 0 0 0 0 0 0 -1 -1 0 0 0
14 213 0 0 0 0 0 0 -1 -1 0 0 0
15 0 0 0 0 0 0 0 -1 -1 0 0 0
15 1 0 0 0 0 0 0 -1 -1 0 0 0
15 2 0 0 0 0 0 0 -1 -1 0 0 0
15 3 0 0 0 0 0 0 -1 -1 0 0 0
15 4 0 0 0 0 0 0 -1 -1 0 0 0
15 5 0 0 0 0 0 0 -1 -1 0 0 0
15 6 0 0 0 0 0 0 -1 -1 0 0 0
15 7 0 0 0 0 0 0 -1 -1 0 0 0
15 8 0 0 0 0 0 0 -1 -1 0 0 0
15 9 0 0 0 0 0 0 -1 -1 0 0 0
15 10 0 0 0 0 0 0 -1 -1 0 0 0
15 11 0 0 0 0 0 0 -1 -1 0 0 0
15 12 0 0 0 0 0 0 -1 -1 0 0 0
15 13 0 0 0 0 0 0 -1 -1 0 0 0
15 14 0 0 0 0 0 0 -1 -1 0 0 0
15 15 0 0 0 0 0 0 -1 -1 0 0 0
15 16 0 0 0 0 0 0 -1 -1 0 0 0
15 17 0 0 0 0 0 0 -1 -1 0 0 0
15 18 0 0 0 0 0 0 -1 -1 0 0 0
15 19 0 0 0 0 0 0 -1 -1 0 0 0
15 20 0 0 0 0 0 0 -1 -1 0 0 0
15 21 0 0 0 0 0 0 -1 -1 0 0 0
15 22 0 0 0 0 0 0 -1 -1 0 0 0
15 23 0 0 0 0 0 0 -1 -1 0 0 0
15 24 0 0 0 0 0 0 -1 -1 0 0 0
15 26 0 0 0 0 0 0 -1 -1 0 0 0
15 27 0 0 0 0 0 0 -1 -1 0 0 0
15 28 0 0 0 0 0 0 -1 -1 0 0 0
15 29 0 0 0 0 0 0 -1 -1 0 0 0
15 30 0 0 0 0 0 0 -1 -1 0 0 0
15 31 0 0 0 0 0 0 -1 -1 0 0 0
15 32 0 0 0 0 0 0 -1 -1 0 0 0
15 33 0 0 0 0 0 0 -1 -1 0 0 0
15 34 0 0 0 0 0 0 -1 -1 0 0 0
15 35 0 0 0 0 0 0 -1 -1 0 0 0
15 36 0 0 0 0 0 0 -1 -1 0 0 0